1 0.412109 0.198242 0.125000 0.041016
1 0.335938 0.256836 0.023438 0.021484
1 0.548828 0.269531 0.023438 0.023438
1 0.461914 0.287109 0.029297 0.027344
1 0.382812 0.295898 0.050781 0.041016
1 0.539062 0.319336 0.089844 0.080078
1 0.312500 0.308594 0.042969 0.039062
1 0.287109 0.341797 0.031250 0.023438
1 0.402344 0.399414 0.097656 0.134766
1 0.280273 0.377930 0.017578 0.013672
1 0.460938 0.388672 0.031250 0.023438
1 0.337891 0.393555 0.019531 0.013672
1 0.497070 0.417969 0.041016 0.035156
1 0.320312 0.487305 0.050781 0.037109
1 0.277344 0.505859 0.039062 0.035156
