1 0.413086 0.209961 0.173828 0.115234
1 0.590820 0.230469 0.029297 0.031250
1 0.628906 0.303711 0.046875 0.048828
1 0.271484 0.303711 0.031250 0.037109
1 0.424805 0.341797 0.076172 0.097656
1 0.556641 0.361328 0.105469 0.097656
1 0.322266 0.387695 0.054688 0.052734
1 0.228516 0.378906 0.015625 0.015625
1 0.494141 0.398438 0.046875 0.046875
1 0.341797 0.437500 0.027344 0.035156
1 0.472656 0.437500 0.015625 0.015625
1 0.295898 0.481445 0.072266 0.044922
1 0.215820 0.505859 0.029297 0.035156
1 0.259766 0.537109 0.027344 0.023438
1 0.287109 0.557617 0.019531 0.017578
1 0.286133 0.600586 0.091797 0.064453
1 0.375977 0.590820 0.021484 0.021484
