1 0.421875 0.208984 0.164062 0.117188
1 0.591797 0.232422 0.031250 0.031250
1 0.444336 0.271484 0.029297 0.023438
1 0.627930 0.302734 0.060547 0.054688
1 0.275391 0.301758 0.042969 0.048828
1 0.426758 0.334961 0.076172 0.091797
1 0.563477 0.361328 0.111328 0.109375
1 0.320312 0.397461 0.054688 0.068359
1 0.503906 0.415039 0.035156 0.048828
1 0.308594 0.482422 0.042969 0.042969
1 0.380859 0.480469 0.015625 0.015625
1 0.212891 0.505859 0.023438 0.019531
1 0.257812 0.537109 0.019531 0.019531
1 0.212891 0.545898 0.023438 0.029297
1 0.283203 0.601562 0.097656 0.085938
