1 0.419922 0.208984 0.167969 0.113281
1 0.591797 0.230469 0.031250 0.031250
1 0.626953 0.303711 0.050781 0.048828
1 0.273438 0.301758 0.035156 0.041016
1 0.425781 0.336914 0.074219 0.091797
1 0.559570 0.361328 0.107422 0.105469
1 0.322266 0.402344 0.054688 0.074219
1 0.500977 0.407227 0.044922 0.037109
1 0.299805 0.479492 0.056641 0.044922
1 0.214844 0.506836 0.023438 0.021484
1 0.258789 0.537109 0.025391 0.023438
1 0.212891 0.547852 0.019531 0.025391
1 0.283203 0.596680 0.097656 0.083984
1 0.377930 0.589844 0.017578 0.019531
