1 0.509766 0.139648 0.089844 0.044922
1 0.586914 0.164062 0.095703 0.058594
1 0.693359 0.216797 0.066406 0.085938
1 0.405273 0.215820 0.025391 0.017578
1 0.546875 0.225586 0.023438 0.025391
1 0.283203 0.254883 0.117188 0.056641
1 0.445312 0.262695 0.050781 0.064453
1 0.558594 0.281250 0.039062 0.062500
1 0.383789 0.286133 0.044922 0.044922
1 0.557617 0.366211 0.197266 0.166016
1 0.342773 0.381836 0.099609 0.095703
1 0.688477 0.345703 0.013672 0.015625
1 0.195312 0.412109 0.042969 0.078125
1 0.300781 0.404297 0.039062 0.046875
1 0.338867 0.464844 0.076172 0.035156
