1 0.434570 0.205078 0.189453 0.125000
1 0.584961 0.232422 0.025391 0.019531
1 0.277344 0.291992 0.050781 0.076172
1 0.455078 0.269531 0.035156 0.027344
1 0.535156 0.286133 0.027344 0.029297
1 0.600586 0.346680 0.103516 0.150391
1 0.324219 0.359375 0.074219 0.121094
1 0.416992 0.361328 0.068359 0.121094
1 0.535156 0.345703 0.039062 0.054688
1 0.484375 0.386719 0.050781 0.058594
1 0.206055 0.492188 0.021484 0.039062
1 0.331055 0.498047 0.017578 0.019531
1 0.210938 0.545898 0.027344 0.037109
1 0.292969 0.605469 0.089844 0.101562
1 0.381836 0.583984 0.021484 0.023438
1 0.413086 0.646484 0.033203 0.031250
