1 0.422852 0.199219 0.150391 0.085938
1 0.597656 0.228516 0.023438 0.019531
1 0.324219 0.254883 0.058594 0.033203
1 0.625977 0.301758 0.033203 0.037109
1 0.271484 0.305664 0.015625 0.017578
1 0.422852 0.346680 0.064453 0.091797
1 0.551758 0.358398 0.091797 0.087891
1 0.320312 0.391602 0.058594 0.056641
1 0.234375 0.376953 0.015625 0.015625
1 0.491211 0.400391 0.041016 0.046875
1 0.386719 0.424805 0.039062 0.029297
1 0.473633 0.435547 0.017578 0.019531
1 0.291992 0.482422 0.076172 0.039062
1 0.217773 0.505859 0.029297 0.031250
1 0.261719 0.535156 0.023438 0.023438
1 0.287109 0.553711 0.019531 0.021484
1 0.290039 0.599609 0.083984 0.050781
