1 0.443359 0.178711 0.128906 0.087891
1 0.291016 0.221680 0.062500 0.056641
1 0.679688 0.221680 0.042969 0.048828
1 0.500000 0.239258 0.058594 0.064453
1 0.333008 0.286133 0.044922 0.048828
1 0.587891 0.362305 0.203125 0.193359
1 0.536133 0.287109 0.025391 0.027344
1 0.253906 0.311523 0.089844 0.064453
1 0.450195 0.373047 0.087891 0.148438
1 0.382812 0.343750 0.042969 0.039062
1 0.205078 0.481445 0.050781 0.072266
1 0.321289 0.459961 0.017578 0.013672
1 0.343750 0.539062 0.070312 0.101562
1 0.450195 0.554688 0.017578 0.023438
