1 0.423828 0.204102 0.148438 0.080078
1 0.323242 0.257812 0.068359 0.046875
1 0.621094 0.301758 0.027344 0.029297
1 0.267578 0.304688 0.027344 0.031250
1 0.422852 0.349609 0.060547 0.093750
1 0.546875 0.353516 0.078125 0.074219
1 0.321289 0.391602 0.056641 0.052734
1 0.486328 0.401367 0.039062 0.044922
1 0.388672 0.426758 0.042969 0.037109
1 0.472656 0.435547 0.015625 0.015625
1 0.293945 0.500000 0.072266 0.082031
1 0.219727 0.505859 0.021484 0.027344
1 0.281250 0.553711 0.015625 0.017578
1 0.291992 0.591797 0.087891 0.039062
