1 0.423828 0.204102 0.148438 0.083984
1 0.326172 0.256836 0.062500 0.044922
1 0.547852 0.280273 0.017578 0.013672
1 0.619141 0.300781 0.023438 0.027344
1 0.269531 0.301758 0.023438 0.025391
1 0.422852 0.348633 0.060547 0.087891
1 0.545898 0.351562 0.076172 0.070312
1 0.481445 0.348633 0.017578 0.017578
1 0.321289 0.391602 0.056641 0.052734
1 0.491211 0.406250 0.072266 0.054688
1 0.386719 0.425781 0.046875 0.039062
1 0.290039 0.499023 0.080078 0.080078
1 0.223633 0.505859 0.025391 0.027344
1 0.280273 0.553711 0.013672 0.017578
1 0.292969 0.590820 0.082031 0.029297
