1 0.512695 0.150391 0.103516 0.050781
1 0.608398 0.159180 0.037109 0.037109
1 0.414062 0.200195 0.046875 0.048828
1 0.685547 0.220703 0.062500 0.078125
1 0.547852 0.211914 0.021484 0.013672
1 0.601562 0.217773 0.027344 0.025391
1 0.446289 0.262695 0.037109 0.037109
1 0.275391 0.261719 0.046875 0.031250
1 0.549805 0.279297 0.021484 0.039062
1 0.385742 0.287109 0.041016 0.042969
1 0.446289 0.328125 0.048828 0.039062
1 0.545898 0.391602 0.224609 0.146484
1 0.385742 0.343750 0.044922 0.039062
1 0.685547 0.349609 0.039062 0.039062
1 0.195312 0.388672 0.039062 0.039062
1 0.297852 0.398438 0.037109 0.039062
1 0.343750 0.435547 0.085938 0.089844
1 0.242188 0.417969 0.035156 0.050781
1 0.395508 0.495117 0.029297 0.029297
1 0.349609 0.517578 0.035156 0.039062
