1 0.422852 0.199219 0.146484 0.062500
1 0.324219 0.258789 0.062500 0.052734
1 0.580078 0.261719 0.015625 0.015625
1 0.551758 0.279297 0.041016 0.027344
1 0.522461 0.310547 0.025391 0.031250
1 0.451172 0.315430 0.015625 0.013672
1 0.550781 0.345703 0.070312 0.070312
1 0.403320 0.398438 0.087891 0.132812
1 0.481445 0.350586 0.021484 0.025391
1 0.286133 0.376953 0.025391 0.027344
1 0.327148 0.396484 0.048828 0.039062
1 0.500977 0.410156 0.064453 0.046875
1 0.290039 0.424805 0.025391 0.025391
1 0.293945 0.495117 0.076172 0.072266
1 0.273438 0.555664 0.015625 0.017578
