1 0.482422 0.181641 0.214844 0.082031
1 0.517578 0.217773 0.031250 0.029297
1 0.657227 0.242188 0.044922 0.042969
1 0.575195 0.240234 0.021484 0.027344
1 0.365234 0.250977 0.035156 0.037109
1 0.458008 0.270508 0.025391 0.029297
1 0.632812 0.297852 0.097656 0.083984
1 0.537109 0.287109 0.039062 0.042969
1 0.333008 0.301758 0.037109 0.064453
1 0.257812 0.308594 0.089844 0.054688
1 0.403320 0.363281 0.083984 0.121094
1 0.479492 0.316406 0.025391 0.027344
1 0.554688 0.374023 0.160156 0.091797
1 0.260742 0.349609 0.021484 0.023438
1 0.451172 0.356445 0.023438 0.025391
1 0.204102 0.464844 0.033203 0.097656
1 0.355469 0.457031 0.035156 0.031250
1 0.404297 0.500977 0.050781 0.029297
1 0.312500 0.583984 0.089844 0.089844
1 0.449219 0.549805 0.015625 0.017578
1 0.441406 0.597656 0.031250 0.027344
