1 0.490234 0.140625 0.046875 0.031250
1 0.334961 0.180664 0.037109 0.029297
1 0.578125 0.181641 0.089844 0.031250
1 0.697266 0.193359 0.027344 0.015625
1 0.291016 0.210938 0.046875 0.031250
1 0.696289 0.233398 0.080078 0.052734
1 0.397461 0.232422 0.056641 0.042969
1 0.246094 0.251953 0.054688 0.054688
1 0.453125 0.273438 0.035156 0.031250
1 0.541992 0.282227 0.033203 0.033203
1 0.594727 0.285156 0.021484 0.019531
1 0.692383 0.308594 0.041016 0.035156
1 0.325195 0.349609 0.029297 0.046875
1 0.525391 0.375000 0.105469 0.097656
1 0.635742 0.358398 0.021484 0.029297
1 0.619141 0.401367 0.039062 0.025391
