1 0.487305 0.145508 0.052734 0.033203
1 0.416016 0.197266 0.062500 0.082031
1 0.308594 0.202148 0.050781 0.033203
1 0.681641 0.221680 0.054688 0.068359
1 0.493164 0.243164 0.037109 0.052734
1 0.269531 0.242188 0.027344 0.035156
1 0.334961 0.284180 0.044922 0.037109
1 0.250977 0.309570 0.095703 0.076172
1 0.542969 0.287109 0.027344 0.027344
1 0.551758 0.369141 0.291016 0.167969
1 0.380859 0.349609 0.042969 0.042969
1 0.196289 0.391602 0.029297 0.029297
1 0.239258 0.416016 0.041016 0.035156
1 0.340820 0.441406 0.091797 0.074219
1 0.226562 0.486328 0.105469 0.074219
1 0.544922 0.469727 0.015625 0.017578
1 0.371094 0.526367 0.121094 0.107422
