1 0.510742 0.148438 0.103516 0.058594
1 0.587891 0.165039 0.093750 0.056641
1 0.689453 0.218750 0.062500 0.085938
1 0.410156 0.207031 0.035156 0.031250
1 0.598633 0.223633 0.021484 0.021484
1 0.282227 0.254883 0.115234 0.056641
1 0.444336 0.262695 0.052734 0.064453
1 0.557617 0.281250 0.044922 0.070312
1 0.385742 0.285156 0.041016 0.039062
1 0.555664 0.366211 0.201172 0.173828
1 0.338867 0.386719 0.107422 0.109375
1 0.688477 0.347656 0.021484 0.023438
1 0.380859 0.345703 0.015625 0.015625
1 0.195312 0.411133 0.042969 0.080078
1 0.238281 0.420898 0.011719 0.033203
1 0.329102 0.462891 0.060547 0.027344
