1 0.487305 0.140625 0.052734 0.039062
1 0.570312 0.186523 0.109375 0.048828
1 0.642578 0.193359 0.019531 0.015625
1 0.289062 0.212891 0.046875 0.027344
1 0.401367 0.227539 0.056641 0.044922
1 0.694336 0.237305 0.072266 0.044922
1 0.251953 0.250977 0.062500 0.052734
1 0.453125 0.272461 0.042969 0.044922
1 0.596680 0.286133 0.017578 0.013672
1 0.692383 0.311523 0.037109 0.033203
1 0.322266 0.352539 0.039062 0.044922
1 0.522461 0.379883 0.107422 0.091797
1 0.635742 0.358398 0.025391 0.033203
1 0.361328 0.407227 0.046875 0.044922
1 0.618164 0.400391 0.041016 0.027344
1 0.541992 0.474609 0.017578 0.011719
