1 0.565430 0.125977 0.029297 0.025391
1 0.611328 0.138672 0.027344 0.023438
1 0.498047 0.141602 0.066406 0.025391
1 0.428711 0.164062 0.025391 0.023438
1 0.333984 0.179688 0.039062 0.031250
1 0.595703 0.206055 0.054688 0.083984
1 0.708984 0.219727 0.078125 0.076172
1 0.241211 0.238281 0.033203 0.035156
1 0.385742 0.235352 0.033203 0.029297
1 0.544922 0.278320 0.035156 0.033203
1 0.624023 0.279297 0.017578 0.019531
1 0.692383 0.308594 0.064453 0.062500
1 0.534180 0.372070 0.091797 0.095703
1 0.629883 0.367188 0.029297 0.027344
1 0.621094 0.399414 0.035156 0.021484
