1 0.494141 0.141602 0.042969 0.025391
1 0.334961 0.180664 0.037109 0.029297
1 0.582031 0.182617 0.078125 0.033203
1 0.697266 0.197266 0.027344 0.019531
1 0.291016 0.210938 0.042969 0.031250
1 0.697266 0.231445 0.078125 0.052734
1 0.395508 0.233398 0.052734 0.041016
1 0.246094 0.249023 0.046875 0.052734
1 0.450195 0.273438 0.025391 0.031250
1 0.541992 0.282227 0.033203 0.033203
1 0.595703 0.284180 0.015625 0.013672
1 0.691406 0.307617 0.042969 0.037109
1 0.526367 0.375000 0.103516 0.097656
1 0.331055 0.343750 0.017578 0.015625
1 0.635742 0.360352 0.021484 0.029297
1 0.619141 0.401367 0.039062 0.025391
