1 0.512695 0.146484 0.107422 0.054688
1 0.606445 0.160156 0.056641 0.046875
1 0.688477 0.217773 0.068359 0.083984
1 0.408203 0.210938 0.015625 0.019531
1 0.600586 0.222656 0.017578 0.019531
1 0.281250 0.254883 0.113281 0.056641
1 0.444336 0.263672 0.048828 0.062500
1 0.555664 0.271484 0.025391 0.046875
1 0.386719 0.286133 0.046875 0.048828
1 0.554688 0.364258 0.203125 0.173828
1 0.446289 0.322266 0.017578 0.019531
1 0.343750 0.383789 0.093750 0.107422
1 0.385742 0.345703 0.017578 0.023438
1 0.687500 0.349609 0.023438 0.023438
1 0.197266 0.409180 0.042969 0.083984
1 0.298828 0.405273 0.042969 0.052734
1 0.240234 0.421875 0.023438 0.046875
1 0.330078 0.461914 0.050781 0.037109
