1 0.422852 0.206055 0.142578 0.083984
1 0.322266 0.259766 0.066406 0.054688
1 0.554688 0.279297 0.039062 0.023438
1 0.615234 0.302734 0.015625 0.023438
1 0.265625 0.303711 0.019531 0.021484
1 0.454102 0.314453 0.013672 0.015625
1 0.402344 0.387695 0.093750 0.138672
1 0.545898 0.349609 0.064453 0.062500
1 0.482422 0.349609 0.019531 0.019531
1 0.319336 0.393555 0.052734 0.044922
1 0.499023 0.407227 0.060547 0.052734
1 0.291992 0.497070 0.068359 0.076172
1 0.277344 0.552734 0.023438 0.019531
1 0.276367 0.583984 0.052734 0.019531
