1 0.545898 0.129883 0.044922 0.033203
1 0.495117 0.143555 0.037109 0.056641
1 0.400391 0.151367 0.066406 0.044922
1 0.633789 0.209961 0.107422 0.111328
1 0.324219 0.192383 0.023438 0.017578
1 0.504883 0.222656 0.068359 0.062500
1 0.449219 0.212891 0.015625 0.015625
1 0.400391 0.264648 0.042969 0.037109
1 0.740234 0.268555 0.015625 0.017578
1 0.657227 0.289062 0.025391 0.023438
1 0.487305 0.336914 0.076172 0.103516
1 0.691406 0.337891 0.113281 0.105469
1 0.573242 0.345703 0.087891 0.082031
1 0.487305 0.448242 0.056641 0.072266
