1 0.487305 0.140625 0.052734 0.039062
1 0.334961 0.180664 0.037109 0.029297
1 0.570312 0.187500 0.109375 0.042969
1 0.643555 0.194336 0.021484 0.021484
1 0.698242 0.193359 0.017578 0.011719
1 0.381836 0.199219 0.017578 0.015625
1 0.290039 0.210938 0.052734 0.031250
1 0.398438 0.231445 0.062500 0.048828
1 0.695312 0.235352 0.082031 0.052734
1 0.247070 0.253906 0.064453 0.058594
1 0.453125 0.273438 0.042969 0.042969
1 0.541016 0.283203 0.035156 0.035156
1 0.593750 0.285156 0.027344 0.027344
1 0.692383 0.310547 0.041016 0.035156
1 0.523438 0.375977 0.109375 0.099609
1 0.323242 0.351562 0.037109 0.046875
1 0.636719 0.357422 0.023438 0.031250
1 0.360352 0.407227 0.044922 0.041016
1 0.618164 0.401367 0.041016 0.025391
