1 0.416992 0.208984 0.173828 0.113281
1 0.591797 0.230469 0.031250 0.031250
1 0.627930 0.303711 0.048828 0.048828
1 0.271484 0.300781 0.031250 0.039062
1 0.424805 0.338867 0.076172 0.095703
1 0.557617 0.361328 0.107422 0.101562
1 0.323242 0.405273 0.056641 0.083984
1 0.498047 0.401367 0.050781 0.041016
1 0.296875 0.480469 0.066406 0.046875
1 0.378906 0.482422 0.015625 0.015625
1 0.215820 0.506836 0.025391 0.025391
1 0.259766 0.537109 0.027344 0.023438
1 0.212891 0.548828 0.015625 0.023438
1 0.283203 0.594727 0.097656 0.083984
1 0.377930 0.589844 0.021484 0.023438
