1 0.490234 0.142578 0.046875 0.054688
1 0.545898 0.130859 0.044922 0.031250
1 0.398438 0.152344 0.070312 0.046875
1 0.668945 0.174805 0.033203 0.041016
1 0.627930 0.218750 0.095703 0.097656
1 0.321289 0.194336 0.021484 0.017578
1 0.505859 0.220703 0.070312 0.062500
1 0.447266 0.214844 0.019531 0.019531
1 0.400391 0.263672 0.042969 0.035156
1 0.738281 0.269531 0.015625 0.015625
1 0.694336 0.333984 0.103516 0.113281
1 0.486328 0.335938 0.074219 0.105469
1 0.570312 0.341797 0.082031 0.078125
1 0.488281 0.447266 0.054688 0.070312
