1 0.478516 0.180664 0.203125 0.083984
1 0.515625 0.218750 0.035156 0.031250
1 0.649414 0.234375 0.025391 0.023438
1 0.341797 0.289062 0.050781 0.078125
1 0.582031 0.338867 0.210938 0.166016
1 0.472656 0.263672 0.027344 0.011719
1 0.537109 0.287109 0.035156 0.039062
1 0.256836 0.310547 0.083984 0.058594
1 0.425781 0.367188 0.125000 0.121094
1 0.203125 0.461914 0.035156 0.103516
1 0.354492 0.458984 0.033203 0.027344
1 0.398438 0.500000 0.042969 0.027344
1 0.321289 0.576172 0.080078 0.085938
1 0.451172 0.551758 0.019531 0.029297
1 0.441406 0.598633 0.027344 0.029297
