1 0.559570 0.130859 0.033203 0.027344
1 0.614258 0.138672 0.033203 0.027344
1 0.483398 0.169922 0.037109 0.039062
1 0.612305 0.224609 0.072266 0.117188
1 0.690430 0.196289 0.025391 0.029297
1 0.648438 0.204102 0.027344 0.025391
1 0.500977 0.223633 0.037109 0.037109
1 0.678711 0.232422 0.025391 0.019531
1 0.734375 0.248047 0.031250 0.027344
1 0.740234 0.296875 0.027344 0.039062
1 0.697266 0.301758 0.035156 0.029297
1 0.560547 0.370117 0.148438 0.091797
1 0.673828 0.364258 0.054688 0.052734
1 0.480469 0.457031 0.050781 0.042969
