1 0.508789 0.139648 0.087891 0.048828
1 0.585938 0.165039 0.097656 0.064453
1 0.694336 0.216797 0.068359 0.085938
1 0.406250 0.215820 0.027344 0.021484
1 0.546875 0.227539 0.023438 0.029297
1 0.285156 0.256836 0.121094 0.064453
1 0.447266 0.261719 0.050781 0.066406
1 0.557617 0.278320 0.037109 0.060547
1 0.386719 0.287109 0.046875 0.039062
1 0.555664 0.362305 0.201172 0.162109
1 0.346680 0.382812 0.091797 0.097656
1 0.195312 0.414062 0.042969 0.082031
1 0.299805 0.408203 0.033203 0.046875
1 0.341797 0.462891 0.070312 0.039062
