1 0.422852 0.200195 0.150391 0.083984
1 0.596680 0.229492 0.017578 0.017578
1 0.324219 0.255859 0.062500 0.039062
1 0.625000 0.301758 0.031250 0.033203
1 0.269531 0.304688 0.019531 0.019531
1 0.422852 0.347656 0.064453 0.093750
1 0.549805 0.356445 0.087891 0.083984
1 0.320312 0.391602 0.058594 0.056641
1 0.231445 0.376953 0.013672 0.015625
1 0.489258 0.400391 0.037109 0.046875
1 0.387695 0.425781 0.041016 0.031250
1 0.473633 0.435547 0.017578 0.019531
1 0.292969 0.485352 0.074219 0.048828
1 0.217773 0.505859 0.029297 0.031250
1 0.262695 0.532227 0.021484 0.025391
1 0.285156 0.552734 0.019531 0.019531
1 0.291016 0.597656 0.085938 0.046875
