1 0.569336 0.127930 0.017578 0.013672
1 0.497070 0.139648 0.056641 0.033203
1 0.581055 0.184570 0.080078 0.048828
1 0.334961 0.179688 0.037109 0.031250
1 0.705078 0.219727 0.082031 0.076172
1 0.294922 0.214844 0.046875 0.035156
1 0.393555 0.234375 0.052734 0.042969
1 0.241211 0.245117 0.041016 0.044922
1 0.450195 0.273438 0.025391 0.023438
1 0.545898 0.280273 0.041016 0.037109
1 0.694336 0.305664 0.056641 0.041016
1 0.530273 0.374023 0.107422 0.103516
1 0.639648 0.360352 0.013672 0.021484
1 0.619141 0.400391 0.039062 0.023438
