1 0.566406 0.125977 0.027344 0.025391
1 0.499023 0.141602 0.060547 0.029297
1 0.612305 0.138672 0.025391 0.023438
1 0.429688 0.162109 0.015625 0.015625
1 0.335938 0.179688 0.039062 0.035156
1 0.584961 0.203125 0.072266 0.082031
1 0.708984 0.218750 0.082031 0.074219
1 0.294922 0.210938 0.035156 0.027344
1 0.386719 0.235352 0.042969 0.033203
1 0.249023 0.246094 0.041016 0.046875
1 0.544922 0.279297 0.039062 0.035156
1 0.624023 0.280273 0.017578 0.021484
1 0.692383 0.310547 0.060547 0.062500
1 0.533203 0.372070 0.097656 0.099609
1 0.631836 0.366211 0.029297 0.029297
1 0.620117 0.400391 0.037109 0.023438
