1 0.464844 0.205078 0.253906 0.125000
1 0.579102 0.236328 0.025391 0.019531
1 0.277344 0.290039 0.050781 0.080078
1 0.456055 0.271484 0.033203 0.027344
1 0.534180 0.287109 0.033203 0.035156
1 0.599609 0.346680 0.101562 0.154297
1 0.329102 0.359375 0.087891 0.121094
1 0.416016 0.363281 0.074219 0.121094
1 0.536133 0.346680 0.037109 0.048828
1 0.482422 0.384766 0.050781 0.058594
1 0.351562 0.459961 0.015625 0.017578
1 0.206055 0.483398 0.029297 0.056641
1 0.331055 0.498047 0.021484 0.023438
1 0.209961 0.545898 0.029297 0.041016
1 0.292969 0.605469 0.093750 0.105469
1 0.382812 0.585938 0.027344 0.027344
1 0.433594 0.597656 0.027344 0.031250
1 0.412109 0.646484 0.035156 0.027344
