1 0.496094 0.146484 0.054688 0.035156
1 0.414062 0.210938 0.058594 0.089844
1 0.683594 0.222656 0.058594 0.074219
1 0.310547 0.204102 0.039062 0.029297
1 0.547852 0.213867 0.017578 0.013672
1 0.268555 0.250000 0.021484 0.023438
1 0.250977 0.309570 0.095703 0.083984
1 0.335938 0.285156 0.042969 0.035156
1 0.546875 0.288086 0.031250 0.029297
1 0.553711 0.375000 0.298828 0.148438
1 0.382812 0.353516 0.046875 0.050781
1 0.199219 0.392578 0.042969 0.050781
1 0.244141 0.418945 0.042969 0.048828
1 0.333008 0.442383 0.072266 0.072266
1 0.231445 0.485352 0.119141 0.068359
1 0.549805 0.467773 0.025391 0.025391
1 0.376953 0.513672 0.097656 0.078125
