1 0.390625 0.194336 0.093750 0.044922
1 0.460938 0.186523 0.035156 0.029297
1 0.324219 0.258789 0.062500 0.044922
1 0.582031 0.262695 0.023438 0.021484
1 0.553711 0.279297 0.037109 0.027344
1 0.268555 0.297852 0.025391 0.021484
1 0.544922 0.333984 0.089844 0.093750
1 0.312500 0.305664 0.031250 0.017578
1 0.400391 0.400391 0.093750 0.140625
1 0.481445 0.352539 0.021484 0.021484
1 0.284180 0.377930 0.017578 0.029297
1 0.330078 0.396484 0.027344 0.027344
1 0.502930 0.416016 0.056641 0.035156
1 0.287109 0.424805 0.015625 0.013672
1 0.295898 0.497070 0.080078 0.068359
1 0.274414 0.556641 0.013672 0.019531
