1 0.490234 0.145508 0.050781 0.033203
1 0.415039 0.200195 0.060547 0.080078
1 0.308594 0.203125 0.046875 0.031250
1 0.682617 0.222656 0.056641 0.070312
1 0.494141 0.245117 0.023438 0.037109
1 0.268555 0.245117 0.025391 0.029297
1 0.334961 0.284180 0.044922 0.037109
1 0.250977 0.310547 0.095703 0.078125
1 0.543945 0.287109 0.029297 0.027344
1 0.552734 0.371094 0.292969 0.160156
1 0.381836 0.349609 0.044922 0.042969
1 0.197266 0.391602 0.035156 0.037109
1 0.241211 0.416016 0.041016 0.039062
1 0.336914 0.441406 0.083984 0.074219
1 0.227539 0.484375 0.107422 0.070312
1 0.545898 0.469727 0.017578 0.017578
1 0.375977 0.521484 0.107422 0.097656
