1 0.423828 0.204102 0.148438 0.083984
1 0.324219 0.257812 0.066406 0.050781
1 0.550781 0.277344 0.027344 0.027344
1 0.266602 0.304688 0.025391 0.027344
1 0.620117 0.302734 0.013672 0.023438
1 0.405273 0.385742 0.091797 0.138672
1 0.544922 0.350586 0.074219 0.068359
1 0.482422 0.349609 0.019531 0.019531
1 0.321289 0.391602 0.056641 0.052734
1 0.496094 0.406250 0.066406 0.054688
1 0.291016 0.498047 0.074219 0.078125
1 0.224609 0.508789 0.019531 0.021484
1 0.278320 0.553711 0.013672 0.017578
1 0.274414 0.586914 0.048828 0.025391
