1 0.465820 0.205078 0.251953 0.125000
1 0.655273 0.242188 0.041016 0.046875
1 0.578125 0.237305 0.023438 0.021484
1 0.276367 0.291992 0.048828 0.072266
1 0.455078 0.271484 0.031250 0.019531
1 0.600586 0.342773 0.107422 0.150391
1 0.534180 0.287109 0.033203 0.035156
1 0.319336 0.337891 0.048828 0.082031
1 0.415039 0.362305 0.068359 0.123047
1 0.535156 0.348633 0.031250 0.048828
1 0.260742 0.349609 0.017578 0.019531
1 0.486328 0.385742 0.046875 0.052734
1 0.350586 0.459961 0.025391 0.025391
1 0.206055 0.481445 0.029297 0.060547
1 0.331055 0.498047 0.017578 0.015625
1 0.209961 0.547852 0.029297 0.041016
1 0.294922 0.598633 0.089844 0.091797
1 0.381836 0.584961 0.017578 0.017578
1 0.437500 0.600586 0.031250 0.037109
1 0.411133 0.646484 0.025391 0.023438
