1 0.564453 0.125977 0.031250 0.025391
1 0.612305 0.137695 0.029297 0.025391
1 0.518555 0.141602 0.029297 0.021484
1 0.481445 0.149414 0.021484 0.033203
1 0.598633 0.208008 0.052734 0.087891
1 0.708984 0.220703 0.074219 0.078125
1 0.384766 0.236328 0.027344 0.027344
1 0.587891 0.256836 0.019531 0.021484
1 0.544922 0.277344 0.031250 0.031250
1 0.624023 0.277344 0.013672 0.015625
1 0.692383 0.303711 0.060547 0.048828
1 0.536133 0.371094 0.091797 0.093750
1 0.683594 0.373047 0.035156 0.050781
1 0.627930 0.367188 0.029297 0.027344
1 0.621094 0.399414 0.035156 0.021484
