1 0.443359 0.178711 0.128906 0.095703
1 0.296875 0.219727 0.078125 0.076172
1 0.681641 0.221680 0.050781 0.060547
1 0.497070 0.238281 0.052734 0.062500
1 0.333008 0.284180 0.044922 0.044922
1 0.585938 0.369141 0.210938 0.195312
1 0.252930 0.308594 0.095703 0.066406
1 0.537109 0.287109 0.027344 0.023438
1 0.455078 0.376953 0.089844 0.152344
1 0.379883 0.344727 0.044922 0.037109
1 0.317383 0.458984 0.037109 0.031250
1 0.208984 0.483398 0.062500 0.072266
1 0.401367 0.498047 0.052734 0.050781
1 0.349609 0.531250 0.070312 0.101562
