1 0.559570 0.130859 0.033203 0.027344
1 0.614258 0.138672 0.037109 0.027344
1 0.482422 0.169922 0.039062 0.039062
1 0.608398 0.223633 0.068359 0.115234
1 0.692383 0.198242 0.029297 0.033203
1 0.650391 0.205078 0.027344 0.023438
1 0.501953 0.220703 0.035156 0.031250
1 0.681641 0.231445 0.027344 0.025391
1 0.734375 0.248047 0.031250 0.031250
1 0.741211 0.296875 0.025391 0.035156
1 0.698242 0.301758 0.037109 0.029297
1 0.563477 0.370117 0.146484 0.091797
1 0.674805 0.363281 0.052734 0.050781
1 0.479492 0.457031 0.044922 0.039062
