1 0.476562 0.180664 0.199219 0.083984
1 0.514648 0.220703 0.041016 0.039062
1 0.650391 0.235352 0.023438 0.021484
1 0.480469 0.264648 0.027344 0.025391
1 0.583984 0.338867 0.210938 0.169922
1 0.335938 0.291016 0.042969 0.066406
1 0.536133 0.287109 0.033203 0.039062
1 0.257812 0.310547 0.082031 0.062500
1 0.425781 0.368164 0.125000 0.119141
1 0.203125 0.461914 0.039062 0.107422
1 0.353516 0.459961 0.031250 0.029297
1 0.395508 0.500000 0.041016 0.027344
1 0.325195 0.571289 0.076172 0.083984
1 0.451172 0.553711 0.023438 0.037109
1 0.442383 0.598633 0.025391 0.029297
