1 0.511719 0.147461 0.093750 0.044922
1 0.606445 0.158203 0.037109 0.039062
1 0.413086 0.202148 0.056641 0.056641
1 0.687500 0.222656 0.070312 0.082031
1 0.547852 0.214844 0.029297 0.027344
1 0.605469 0.215820 0.023438 0.029297
1 0.384766 0.279297 0.039062 0.058594
1 0.451172 0.262695 0.027344 0.025391
1 0.282227 0.263672 0.021484 0.019531
1 0.250000 0.306641 0.093750 0.085938
1 0.548828 0.286133 0.031250 0.033203
1 0.443359 0.332031 0.070312 0.046875
1 0.566406 0.384766 0.277344 0.132812
1 0.394531 0.347656 0.066406 0.046875
1 0.195312 0.391602 0.035156 0.041016
1 0.298828 0.403320 0.031250 0.037109
1 0.242188 0.417969 0.031250 0.046875
1 0.334961 0.440430 0.072266 0.080078
1 0.230469 0.483398 0.125000 0.052734
1 0.376953 0.514648 0.089844 0.068359
