1 0.561523 0.130859 0.033203 0.027344
1 0.613281 0.138672 0.039062 0.031250
1 0.517578 0.143555 0.035156 0.037109
1 0.481445 0.169922 0.037109 0.039062
1 0.606445 0.223633 0.064453 0.115234
1 0.688477 0.212891 0.041016 0.062500
1 0.651367 0.206055 0.025391 0.025391
1 0.502930 0.217773 0.033203 0.029297
1 0.734375 0.247070 0.031250 0.033203
1 0.741211 0.295898 0.025391 0.033203
1 0.697266 0.300781 0.039062 0.031250
1 0.566406 0.370117 0.148438 0.091797
1 0.673828 0.363281 0.050781 0.046875
1 0.478516 0.458984 0.039062 0.035156
