1 0.487305 0.139648 0.052734 0.041016
1 0.570312 0.185547 0.109375 0.054688
1 0.644531 0.192383 0.015625 0.013672
1 0.263672 0.240234 0.085938 0.074219
1 0.404297 0.222656 0.046875 0.039062
1 0.691406 0.238281 0.062500 0.042969
1 0.453125 0.271484 0.042969 0.046875
1 0.693359 0.311523 0.035156 0.033203
1 0.322266 0.353516 0.042969 0.042969
1 0.522461 0.382812 0.111328 0.085938
1 0.634766 0.360352 0.027344 0.037109
1 0.362305 0.407227 0.048828 0.048828
1 0.617188 0.398438 0.042969 0.031250
1 0.540039 0.475586 0.025391 0.013672
