1 0.483398 0.145508 0.056641 0.033203
1 0.416992 0.192383 0.068359 0.080078
1 0.294922 0.221680 0.078125 0.076172
1 0.681641 0.221680 0.054688 0.064453
1 0.495117 0.241211 0.041016 0.056641
1 0.334961 0.284180 0.044922 0.041016
1 0.250977 0.309570 0.095703 0.072266
1 0.541016 0.287109 0.027344 0.027344
1 0.584961 0.368164 0.220703 0.173828
1 0.455078 0.375977 0.093750 0.146484
1 0.380859 0.347656 0.042969 0.039062
1 0.326172 0.448242 0.058594 0.056641
1 0.219727 0.486328 0.087891 0.074219
1 0.371094 0.522461 0.117188 0.099609
