1 0.411133 0.210938 0.177734 0.113281
1 0.590820 0.230469 0.029297 0.031250
1 0.627930 0.303711 0.041016 0.044922
1 0.423828 0.342773 0.070312 0.095703
1 0.555664 0.361328 0.099609 0.093750
1 0.321289 0.388672 0.056641 0.054688
1 0.230469 0.377930 0.015625 0.013672
1 0.493164 0.398438 0.044922 0.046875
1 0.342773 0.440430 0.025391 0.029297
1 0.473633 0.436523 0.017578 0.017578
1 0.292969 0.481445 0.074219 0.041016
1 0.217773 0.505859 0.029297 0.031250
1 0.259766 0.537109 0.027344 0.023438
1 0.288086 0.555664 0.021484 0.021484
1 0.288086 0.601562 0.087891 0.058594
1 0.379883 0.590820 0.025391 0.021484
