1 0.500977 0.146484 0.068359 0.039062
1 0.413086 0.202148 0.056641 0.064453
1 0.685547 0.222656 0.062500 0.078125
1 0.308594 0.204102 0.027344 0.017578
1 0.548828 0.211914 0.023438 0.017578
1 0.605469 0.211914 0.015625 0.017578
1 0.275391 0.257812 0.015625 0.015625
1 0.250000 0.308594 0.093750 0.082031
1 0.547852 0.288086 0.029297 0.029297
1 0.554688 0.377930 0.296875 0.142578
1 0.388672 0.348633 0.054688 0.044922
1 0.197266 0.391602 0.039062 0.044922
1 0.243164 0.417969 0.037109 0.046875
1 0.333984 0.441406 0.070312 0.074219
1 0.230469 0.484375 0.121094 0.058594
1 0.376953 0.514648 0.093750 0.072266
