1 0.501953 0.138672 0.082031 0.046875
1 0.575195 0.169922 0.115234 0.078125
1 0.692383 0.213867 0.056641 0.087891
1 0.407227 0.214844 0.029297 0.027344
1 0.546875 0.225586 0.027344 0.021484
1 0.286133 0.254883 0.126953 0.068359
1 0.448242 0.264648 0.048828 0.068359
1 0.555664 0.276367 0.037109 0.048828
1 0.386719 0.290039 0.039062 0.041016
1 0.620117 0.307617 0.029297 0.048828
1 0.573242 0.342773 0.029297 0.029297
1 0.342773 0.408203 0.099609 0.144531
1 0.557617 0.386719 0.197266 0.097656
1 0.194336 0.414062 0.041016 0.074219
1 0.300781 0.409180 0.027344 0.029297
