1 0.506836 0.147461 0.080078 0.041016
1 0.608398 0.160156 0.017578 0.023438
1 0.413086 0.202148 0.056641 0.060547
1 0.686523 0.222656 0.068359 0.078125
1 0.308594 0.204102 0.023438 0.013672
1 0.546875 0.211914 0.023438 0.013672
1 0.604492 0.214844 0.017578 0.019531
1 0.382812 0.276367 0.027344 0.052734
1 0.452148 0.257812 0.013672 0.015625
1 0.279297 0.261719 0.015625 0.015625
1 0.250000 0.307617 0.093750 0.083984
1 0.547852 0.287109 0.029297 0.031250
1 0.443359 0.333984 0.070312 0.050781
1 0.566406 0.383789 0.277344 0.134766
1 0.392578 0.347656 0.062500 0.042969
1 0.196289 0.392578 0.037109 0.042969
1 0.243164 0.417969 0.033203 0.046875
1 0.299805 0.405273 0.013672 0.017578
1 0.334961 0.441406 0.072266 0.078125
1 0.230469 0.484375 0.125000 0.054688
1 0.376953 0.513672 0.089844 0.070312
