1 0.468750 0.205078 0.246094 0.128906
1 0.517578 0.217773 0.031250 0.029297
1 0.657227 0.242188 0.044922 0.042969
1 0.575195 0.239258 0.021484 0.025391
1 0.458008 0.270508 0.025391 0.029297
1 0.608398 0.342773 0.138672 0.166016
1 0.536133 0.287109 0.037109 0.039062
1 0.256836 0.308594 0.087891 0.054688
1 0.331055 0.306641 0.029297 0.046875
1 0.401367 0.365234 0.080078 0.117188
1 0.260742 0.349609 0.017578 0.019531
1 0.501953 0.389648 0.054688 0.041016
1 0.204102 0.468750 0.033203 0.089844
1 0.355469 0.457031 0.035156 0.031250
1 0.394531 0.499023 0.035156 0.029297
1 0.301758 0.592773 0.076172 0.076172
1 0.440430 0.598633 0.029297 0.029297
