1 0.411133 0.196289 0.123047 0.041016
1 0.336914 0.259766 0.029297 0.027344
1 0.382812 0.296875 0.046875 0.039062
1 0.462891 0.288086 0.027344 0.021484
1 0.541992 0.317383 0.087891 0.072266
1 0.313477 0.310547 0.044922 0.035156
1 0.288086 0.342773 0.029297 0.021484
1 0.403320 0.402344 0.095703 0.140625
1 0.280273 0.380859 0.033203 0.031250
1 0.458008 0.390625 0.021484 0.019531
1 0.337891 0.395508 0.023438 0.025391
1 0.500000 0.418945 0.039062 0.033203
1 0.315430 0.485352 0.060547 0.041016
1 0.272461 0.512695 0.041016 0.056641
