1 0.421875 0.208984 0.164062 0.121094
1 0.591797 0.233398 0.031250 0.029297
1 0.445312 0.269531 0.035156 0.023438
1 0.626953 0.302734 0.062500 0.058594
1 0.276367 0.301758 0.044922 0.052734
1 0.425781 0.334961 0.078125 0.091797
1 0.325195 0.321289 0.048828 0.048828
1 0.565430 0.362305 0.115234 0.111328
1 0.320312 0.394531 0.058594 0.070312
1 0.404297 0.402344 0.035156 0.031250
1 0.503906 0.415039 0.031250 0.052734
1 0.313477 0.484375 0.037109 0.042969
1 0.380859 0.481445 0.015625 0.017578
1 0.210938 0.504883 0.023438 0.021484
1 0.212891 0.544922 0.027344 0.031250
1 0.257812 0.538086 0.015625 0.017578
1 0.285156 0.602539 0.097656 0.087891
