1 0.493164 0.146484 0.052734 0.035156
1 0.414062 0.204102 0.058594 0.080078
1 0.682617 0.221680 0.056641 0.072266
1 0.310547 0.203125 0.042969 0.031250
1 0.268555 0.248047 0.021484 0.027344
1 0.495117 0.248047 0.013672 0.015625
1 0.335938 0.285156 0.042969 0.035156
1 0.250977 0.309570 0.095703 0.080078
1 0.544922 0.288086 0.027344 0.029297
1 0.551758 0.373047 0.294922 0.152344
1 0.381836 0.350586 0.044922 0.044922
1 0.198242 0.391602 0.037109 0.041016
1 0.242188 0.417969 0.042969 0.042969
1 0.334961 0.442383 0.076172 0.072266
1 0.228516 0.484375 0.113281 0.066406
1 0.547852 0.469727 0.021484 0.021484
1 0.377930 0.515625 0.099609 0.082031
