1 0.442383 0.177734 0.126953 0.089844
1 0.293945 0.220703 0.080078 0.070312
1 0.680664 0.222656 0.044922 0.054688
1 0.500000 0.238281 0.054688 0.062500
1 0.333008 0.285156 0.044922 0.046875
1 0.585938 0.366211 0.207031 0.197266
1 0.536133 0.287109 0.025391 0.023438
1 0.252930 0.310547 0.091797 0.066406
1 0.454102 0.375977 0.087891 0.150391
1 0.380859 0.343750 0.042969 0.035156
1 0.317383 0.458984 0.033203 0.027344
1 0.206055 0.482422 0.056641 0.070312
1 0.347656 0.534180 0.070312 0.103516
1 0.450195 0.554688 0.017578 0.023438
