1 0.422852 0.199219 0.150391 0.058594
1 0.324219 0.256836 0.062500 0.052734
1 0.581055 0.262695 0.021484 0.017578
1 0.552734 0.279297 0.039062 0.027344
1 0.521484 0.308594 0.027344 0.035156
1 0.309570 0.308594 0.021484 0.019531
1 0.559570 0.344727 0.060547 0.072266
1 0.400391 0.395508 0.093750 0.142578
1 0.481445 0.351562 0.021484 0.023438
1 0.283203 0.376953 0.023438 0.031250
1 0.330078 0.395508 0.039062 0.029297
1 0.501953 0.411133 0.062500 0.044922
1 0.291992 0.422852 0.033203 0.025391
1 0.295898 0.495117 0.080078 0.072266
1 0.269531 0.555664 0.019531 0.017578
