1 0.423828 0.202148 0.148438 0.080078
1 0.544922 0.241211 0.015625 0.017578
1 0.323242 0.256836 0.064453 0.041016
1 0.623047 0.301758 0.027344 0.029297
1 0.268555 0.304688 0.021484 0.023438
1 0.422852 0.348633 0.060547 0.091797
1 0.548828 0.355469 0.082031 0.078125
1 0.321289 0.391602 0.056641 0.052734
1 0.487305 0.401367 0.037109 0.044922
1 0.387695 0.426758 0.041016 0.033203
1 0.472656 0.435547 0.015625 0.015625
1 0.292969 0.501953 0.074219 0.082031
1 0.218750 0.505859 0.023438 0.027344
1 0.283203 0.553711 0.015625 0.017578
1 0.291992 0.595703 0.087891 0.042969
