1 0.513672 0.149414 0.109375 0.056641
1 0.610352 0.160156 0.041016 0.039062
1 0.688477 0.218750 0.064453 0.078125
1 0.412109 0.203125 0.039062 0.027344
1 0.599609 0.217773 0.023438 0.017578
1 0.267578 0.257812 0.074219 0.050781
1 0.443359 0.261719 0.046875 0.054688
1 0.554688 0.273438 0.023438 0.042969
1 0.385742 0.286133 0.044922 0.044922
1 0.549805 0.369141 0.208984 0.171875
1 0.448242 0.325195 0.029297 0.029297
1 0.381836 0.342773 0.037109 0.033203
1 0.326172 0.355469 0.050781 0.050781
1 0.688477 0.350586 0.033203 0.029297
1 0.196289 0.407227 0.044922 0.080078
1 0.298828 0.397461 0.042969 0.048828
1 0.366211 0.408203 0.052734 0.054688
1 0.242188 0.420898 0.035156 0.056641
1 0.323242 0.459961 0.044922 0.041016
