1 0.421875 0.208008 0.164062 0.115234
1 0.591797 0.231445 0.035156 0.033203
1 0.443359 0.273438 0.023438 0.023438
1 0.627930 0.303711 0.056641 0.052734
1 0.274414 0.302734 0.041016 0.046875
1 0.426758 0.334961 0.076172 0.091797
1 0.561523 0.361328 0.111328 0.109375
1 0.320312 0.400391 0.054688 0.070312
1 0.503906 0.415039 0.039062 0.048828
1 0.303711 0.479492 0.048828 0.044922
1 0.380859 0.480469 0.015625 0.015625
1 0.213867 0.506836 0.025391 0.021484
1 0.258789 0.536133 0.025391 0.025391
1 0.212891 0.546875 0.023438 0.031250
1 0.282227 0.599609 0.099609 0.085938
1 0.376953 0.588867 0.015625 0.017578
