1 0.389648 0.194336 0.099609 0.044922
1 0.458984 0.188477 0.031250 0.025391
1 0.324219 0.257812 0.062500 0.042969
1 0.583008 0.259766 0.021484 0.023438
1 0.554688 0.279297 0.035156 0.027344
1 0.395508 0.289062 0.017578 0.019531
1 0.545898 0.333008 0.095703 0.095703
1 0.267578 0.299805 0.023438 0.021484
1 0.312500 0.308594 0.042969 0.027344
1 0.399414 0.403320 0.095703 0.142578
1 0.282227 0.375977 0.017578 0.033203
1 0.333008 0.397461 0.025391 0.025391
1 0.503906 0.416992 0.054688 0.033203
1 0.287109 0.426758 0.031250 0.025391
1 0.297852 0.498047 0.083984 0.066406
