1 0.513672 0.147461 0.109375 0.056641
1 0.609375 0.160156 0.042969 0.042969
1 0.690430 0.216797 0.064453 0.082031
1 0.411133 0.204102 0.037109 0.029297
1 0.600586 0.216797 0.017578 0.011719
1 0.267578 0.256836 0.078125 0.052734
1 0.444336 0.263672 0.048828 0.062500
1 0.555664 0.272461 0.025391 0.044922
1 0.385742 0.286133 0.044922 0.044922
1 0.550781 0.370117 0.210938 0.169922
1 0.447266 0.323242 0.023438 0.025391
1 0.335938 0.382812 0.113281 0.109375
1 0.380859 0.343750 0.035156 0.031250
1 0.687500 0.350586 0.031250 0.029297
1 0.197266 0.408203 0.046875 0.085938
1 0.242188 0.422852 0.035156 0.056641
1 0.327148 0.460938 0.052734 0.039062
