1 0.428711 0.207031 0.177734 0.125000
1 0.590820 0.231445 0.029297 0.029297
1 0.455078 0.267578 0.039062 0.031250
1 0.278320 0.292969 0.052734 0.074219
1 0.602539 0.346680 0.103516 0.150391
1 0.535156 0.285156 0.023438 0.023438
1 0.419922 0.358398 0.070312 0.123047
1 0.320312 0.361328 0.066406 0.125000
1 0.535156 0.345703 0.042969 0.062500
1 0.486328 0.388672 0.054688 0.062500
1 0.207031 0.499023 0.023438 0.029297
1 0.330078 0.499023 0.015625 0.017578
1 0.211914 0.545898 0.029297 0.037109
1 0.291992 0.600586 0.091797 0.091797
1 0.379883 0.582031 0.021484 0.023438
1 0.412109 0.634766 0.023438 0.011719
