1 0.479492 0.181641 0.208984 0.082031
1 0.516602 0.218750 0.033203 0.031250
1 0.654297 0.239258 0.035156 0.033203
1 0.344727 0.285156 0.060547 0.089844
1 0.634766 0.299805 0.097656 0.087891
1 0.460938 0.268555 0.019531 0.021484
1 0.536133 0.287109 0.037109 0.042969
1 0.257812 0.309570 0.085938 0.056641
1 0.404297 0.365234 0.085938 0.121094
1 0.476562 0.318359 0.027344 0.027344
1 0.556641 0.375000 0.160156 0.089844
1 0.451172 0.356445 0.027344 0.033203
1 0.203125 0.463867 0.035156 0.099609
1 0.354492 0.458008 0.033203 0.029297
1 0.401367 0.500977 0.048828 0.029297
1 0.316406 0.580078 0.085938 0.085938
1 0.450195 0.550781 0.017578 0.023438
1 0.442383 0.597656 0.029297 0.027344
