1 0.557617 0.130859 0.033203 0.027344
1 0.615234 0.138672 0.031250 0.023438
1 0.484375 0.169922 0.039062 0.039062
1 0.616211 0.224609 0.080078 0.117188
1 0.689453 0.194336 0.023438 0.025391
1 0.647461 0.202148 0.029297 0.025391
1 0.500000 0.228516 0.039062 0.042969
1 0.677734 0.233398 0.023438 0.017578
1 0.734375 0.249023 0.031250 0.025391
1 0.654297 0.287109 0.031250 0.027344
1 0.739258 0.297852 0.029297 0.041016
1 0.698242 0.302734 0.033203 0.027344
1 0.550781 0.360352 0.167969 0.111328
1 0.673828 0.364258 0.058594 0.056641
1 0.479492 0.455078 0.060547 0.046875
