1 0.498047 0.147461 0.058594 0.037109
1 0.413086 0.212891 0.060547 0.089844
1 0.684570 0.222656 0.060547 0.074219
1 0.309570 0.204102 0.033203 0.025391
1 0.269531 0.251953 0.015625 0.019531
1 0.250977 0.309570 0.095703 0.083984
1 0.546875 0.288086 0.031250 0.029297
1 0.340820 0.287109 0.025391 0.019531
1 0.554688 0.377930 0.296875 0.142578
1 0.384766 0.349609 0.050781 0.042969
1 0.198242 0.392578 0.041016 0.046875
1 0.244141 0.418945 0.039062 0.048828
1 0.333008 0.441406 0.072266 0.074219
1 0.230469 0.485352 0.121094 0.064453
1 0.547852 0.466797 0.017578 0.019531
1 0.376953 0.513672 0.093750 0.074219
