1 0.475586 0.179688 0.197266 0.085938
1 0.500977 0.241211 0.068359 0.080078
1 0.281250 0.223633 0.031250 0.025391
1 0.651367 0.235352 0.025391 0.021484
1 0.585938 0.342773 0.214844 0.177734
1 0.334961 0.290039 0.044922 0.064453
1 0.536133 0.287109 0.033203 0.039062
1 0.256836 0.311523 0.080078 0.064453
1 0.424805 0.368164 0.123047 0.130859
1 0.202148 0.459961 0.041016 0.111328
1 0.353516 0.459961 0.031250 0.029297
1 0.392578 0.500000 0.039062 0.027344
1 0.327148 0.566406 0.076172 0.085938
1 0.452148 0.554688 0.025391 0.042969
1 0.442383 0.599609 0.025391 0.031250
