1 0.509766 0.141602 0.093750 0.052734
1 0.585938 0.163086 0.093750 0.060547
1 0.694336 0.214844 0.068359 0.085938
1 0.406250 0.214844 0.027344 0.023438
1 0.553711 0.256836 0.044922 0.095703
1 0.286133 0.255859 0.123047 0.066406
1 0.448242 0.263672 0.048828 0.066406
1 0.382812 0.286133 0.042969 0.033203
1 0.615234 0.305664 0.023438 0.048828
1 0.577148 0.342773 0.033203 0.037109
1 0.344727 0.385742 0.095703 0.099609
1 0.556641 0.387695 0.199219 0.103516
1 0.194336 0.414062 0.041016 0.078125
1 0.299805 0.406250 0.033203 0.039062
1 0.350586 0.458984 0.048828 0.039062
