1 0.466797 0.205078 0.250000 0.128906
1 0.504883 0.214844 0.025391 0.015625
1 0.656250 0.242188 0.042969 0.046875
1 0.577148 0.237305 0.021484 0.021484
1 0.266602 0.288086 0.064453 0.072266
1 0.456055 0.271484 0.029297 0.023438
1 0.604492 0.342773 0.119141 0.154297
1 0.534180 0.287109 0.033203 0.035156
1 0.329102 0.319336 0.029297 0.044922
1 0.412109 0.360352 0.074219 0.126953
1 0.260742 0.350586 0.017578 0.017578
1 0.533203 0.356445 0.015625 0.029297
1 0.491211 0.386719 0.044922 0.046875
1 0.205078 0.477539 0.031250 0.068359
1 0.352539 0.458984 0.029297 0.027344
1 0.210938 0.546875 0.031250 0.035156
1 0.297852 0.595703 0.083984 0.085938
1 0.382812 0.584961 0.019531 0.017578
1 0.438477 0.599609 0.029297 0.035156
