1 0.513672 0.150391 0.113281 0.058594
1 0.610352 0.159180 0.041016 0.037109
1 0.686523 0.219727 0.064453 0.076172
1 0.413086 0.202148 0.041016 0.029297
1 0.599609 0.218750 0.031250 0.023438
1 0.266602 0.257812 0.072266 0.050781
1 0.442383 0.260742 0.044922 0.048828
1 0.554688 0.274414 0.023438 0.044922
1 0.386719 0.285156 0.046875 0.046875
1 0.617188 0.293945 0.023438 0.029297
1 0.450195 0.327148 0.041016 0.037109
1 0.591797 0.340820 0.062500 0.041016
1 0.382812 0.341797 0.039062 0.039062
1 0.547852 0.392578 0.212891 0.128906
1 0.325195 0.355469 0.048828 0.046875
1 0.688477 0.349609 0.037109 0.031250
1 0.195312 0.387695 0.046875 0.041016
1 0.298828 0.395508 0.046875 0.044922
1 0.242188 0.417969 0.039062 0.058594
1 0.366211 0.411133 0.052734 0.044922
1 0.188477 0.433594 0.021484 0.019531
1 0.319336 0.458984 0.037109 0.042969
1 0.350586 0.518555 0.025391 0.025391
