1 0.512695 0.148438 0.095703 0.046875
1 0.606445 0.158203 0.037109 0.039062
1 0.413086 0.201172 0.052734 0.054688
1 0.686523 0.221680 0.068359 0.080078
1 0.548828 0.211914 0.027344 0.017578
1 0.604492 0.216797 0.025391 0.027344
1 0.450195 0.263672 0.029297 0.027344
1 0.280273 0.263672 0.029297 0.023438
1 0.384766 0.282227 0.039062 0.052734
1 0.548828 0.284180 0.027344 0.033203
1 0.722656 0.276367 0.015625 0.013672
1 0.444336 0.331055 0.064453 0.044922
1 0.270508 0.331055 0.029297 0.033203
1 0.567383 0.388672 0.275391 0.140625
1 0.390625 0.344727 0.058594 0.041016
1 0.195312 0.390625 0.035156 0.039062
1 0.297852 0.401367 0.033203 0.037109
1 0.242188 0.417969 0.031250 0.046875
1 0.335938 0.440430 0.074219 0.080078
1 0.545898 0.471680 0.021484 0.021484
1 0.374023 0.511719 0.083984 0.062500
