1 0.512695 0.149414 0.099609 0.048828
1 0.608398 0.159180 0.037109 0.037109
1 0.414062 0.201172 0.050781 0.050781
1 0.686523 0.221680 0.064453 0.080078
1 0.548828 0.208984 0.027344 0.019531
1 0.603516 0.216797 0.023438 0.027344
1 0.278320 0.261719 0.037109 0.027344
1 0.449219 0.263672 0.031250 0.031250
1 0.385742 0.285156 0.041016 0.046875
1 0.548828 0.282227 0.023438 0.037109
1 0.722656 0.277344 0.015625 0.015625
1 0.445312 0.329102 0.054688 0.041016
1 0.272461 0.329102 0.021484 0.025391
1 0.568359 0.389648 0.273438 0.142578
1 0.387695 0.344727 0.048828 0.041016
1 0.195312 0.389648 0.039062 0.041016
1 0.298828 0.400391 0.035156 0.039062
1 0.242188 0.417969 0.035156 0.050781
1 0.340820 0.438477 0.080078 0.083984
1 0.546875 0.474609 0.023438 0.023438
1 0.397461 0.495117 0.033203 0.029297
1 0.352539 0.517578 0.041016 0.042969
