1 0.467773 0.207031 0.251953 0.132812
1 0.517578 0.216797 0.031250 0.031250
1 0.657227 0.242188 0.044922 0.046875
1 0.576172 0.238281 0.023438 0.023438
1 0.267578 0.259766 0.023438 0.027344
1 0.457031 0.270508 0.027344 0.029297
1 0.608398 0.342773 0.130859 0.162109
1 0.535156 0.287109 0.035156 0.039062
1 0.249023 0.326172 0.099609 0.089844
1 0.433594 0.313477 0.035156 0.044922
1 0.331055 0.310547 0.029297 0.031250
1 0.400391 0.367188 0.078125 0.113281
1 0.260742 0.350586 0.017578 0.017578
1 0.497070 0.388672 0.048828 0.042969
1 0.206055 0.469727 0.033203 0.087891
1 0.355469 0.457031 0.035156 0.031250
1 0.388672 0.497070 0.027344 0.029297
1 0.211914 0.546875 0.033203 0.031250
1 0.299805 0.593750 0.080078 0.082031
1 0.383789 0.585938 0.021484 0.023438
1 0.439453 0.598633 0.031250 0.033203
