1 0.448242 0.179688 0.142578 0.085938
1 0.551758 0.156250 0.044922 0.035156
1 0.501953 0.241211 0.070312 0.080078
1 0.666992 0.225586 0.052734 0.041016
1 0.281250 0.221680 0.035156 0.029297
1 0.588867 0.348633 0.216797 0.189453
1 0.334961 0.289062 0.044922 0.058594
1 0.535156 0.287109 0.031250 0.035156
1 0.254883 0.311523 0.083984 0.064453
1 0.422852 0.366211 0.123047 0.146484
1 0.203125 0.459961 0.042969 0.111328
1 0.353516 0.460938 0.027344 0.023438
1 0.537109 0.459961 0.011719 0.021484
1 0.389648 0.499023 0.033203 0.021484
1 0.331055 0.560547 0.072266 0.085938
1 0.451172 0.554688 0.023438 0.031250
1 0.440430 0.594727 0.025391 0.025391
