1 0.423828 0.198242 0.152344 0.087891
1 0.590820 0.230469 0.029297 0.031250
1 0.334961 0.253906 0.037109 0.031250
1 0.626953 0.303711 0.035156 0.044922
1 0.422852 0.344727 0.068359 0.095703
1 0.554688 0.360352 0.097656 0.091797
1 0.320312 0.390625 0.058594 0.058594
1 0.232422 0.376953 0.015625 0.015625
1 0.493164 0.399414 0.044922 0.048828
1 0.474609 0.435547 0.019531 0.019531
1 0.346680 0.444336 0.033203 0.029297
1 0.291016 0.482422 0.078125 0.039062
1 0.218750 0.505859 0.031250 0.031250
1 0.259766 0.537109 0.027344 0.023438
1 0.289062 0.553711 0.023438 0.025391
1 0.290039 0.601562 0.083984 0.054688
1 0.382812 0.590820 0.031250 0.025391
