1 0.513672 0.150391 0.109375 0.054688
1 0.609375 0.159180 0.039062 0.037109
1 0.413086 0.201172 0.044922 0.039062
1 0.685547 0.220703 0.062500 0.078125
1 0.550781 0.212891 0.015625 0.015625
1 0.600586 0.217773 0.029297 0.025391
1 0.444336 0.261719 0.041016 0.042969
1 0.271484 0.261719 0.058594 0.039062
1 0.552734 0.277344 0.023438 0.042969
1 0.385742 0.286133 0.044922 0.044922
1 0.448242 0.327148 0.044922 0.037109
1 0.548828 0.388672 0.214844 0.136719
1 0.383789 0.342773 0.041016 0.041016
1 0.331055 0.354492 0.041016 0.048828
1 0.687500 0.349609 0.039062 0.035156
1 0.195312 0.387695 0.042969 0.041016
1 0.297852 0.396484 0.041016 0.042969
1 0.364258 0.411133 0.052734 0.052734
1 0.242188 0.417969 0.039062 0.054688
1 0.320312 0.458984 0.039062 0.042969
1 0.392578 0.493164 0.027344 0.029297
1 0.351562 0.517578 0.031250 0.035156
